   0 626  2009.9794120    459223 340840.19     17.65     87.76     15.65     22.22     89.30     20.21     16.00
   0 627  2010.0065790    460158 340339.59     17.70     88.45     16.84     22.27     89.97     21.40     15.56
   0 628  2010.0337450    461292 341662.69     17.44     87.66     17.66     22.01     89.29     22.22     15.11
   0 629  2010.0609110    460242 339835.69     18.47     87.01     18.12     23.01     88.52     22.69     14.90
   0 630  2010.0880770    462022 340873.41     19.67     88.37     18.20     24.25     89.99     22.79     15.12
   0 631  2010.1152430    465209 342470.50     20.06     91.17     17.88     24.65     92.58     22.47     15.70
   0 632  2010.1424090    469884 344705.59     15.64     88.86     17.18     20.26     89.97     21.79     16.27
   0 633  2010.1695750    472514 344471.09     17.67     90.26     16.21     22.30     91.50     20.83     16.42
   0 634  2010.1967420    472804 342932.59     15.63     89.48     15.10     20.23     90.52     19.73     16.15
   0 635  2010.2239080    480214 345475.91     11.45     87.64     13.93     16.12     88.55     18.58     15.73
   0 636  2010.2510740    482129 346366.41     15.09     89.16     12.73     19.74     90.13     17.39     15.53
   0 637  2010.2782400    483391 347723.91     11.23     88.55     11.51     15.91     89.14     16.19     15.65
   0 638  2010.3054060    478403 344297.81     10.38     87.33     10.40     15.07     87.58     15.08     16.00
   0 639  2010.3325720    480770 346412.50      8.20     86.00      9.64     12.89     86.14     14.33     16.54
   0 640  2010.3597390    479711 345718.31      5.19     86.04      9.42      9.87     85.99     14.13     17.20
   0 641  2010.3869050    479643 345193.59      9.25     87.92      9.68     13.97     87.93     14.40     17.88
   0 642  2010.4140710    481123 346728.19     12.89     88.65     10.00     17.63     88.78     14.74     18.43
   0 643  2010.4412370    478419 344340.59     14.60     90.50      9.96     19.36     90.69     14.71     18.72
   0 644  2010.4684030    476611 343645.59      7.21     87.55      9.50     11.96     87.35     14.27     18.68
   0 645  2010.4955690    477782 344662.19      7.54     86.71      8.90     12.32     86.59     13.67     18.33
   0 646  2010.5227350    478256 345082.59      7.19     87.79      8.45     11.98     87.67     13.24     17.73
   0 647  2010.5499020    479481 345708.59      8.92     86.17      8.27     13.73     85.99     13.07     16.93
   0 648  2010.5770680    477940 344339.41      8.77     85.05      8.30     13.55     84.76     13.10     16.02
   0 649  2010.6042340    478844 345141.41      7.32     85.12      8.47     12.14     84.89     13.28     15.04
   0 650  2010.6314000    477225 344023.31      7.53     85.40      8.78     12.37     85.41     13.60     14.13
   0 651  2010.6585660    478057 345815.50     10.66     85.22      9.18     15.48     85.34     13.99     13.40
   0 652  2010.6857320    476474 345817.19      9.61     83.76      9.54     14.42     83.98     14.35     12.90
   0 653  2010.7128990    477803 346285.09      9.80     86.01      9.79     14.59     86.51     14.60     12.64
   0 654  2010.7400650    476176 346236.31     10.67     85.65      9.91     15.49     86.13     14.71     12.56
   0 655  2010.7672310    468484 343070.91     10.14     84.42      9.92     14.95     84.91     14.72     12.62
   0 656  2010.7943970    467926 343467.81      8.78     83.60      9.90     13.57     84.29     14.70     12.70
   0 657  2010.8215630    469097 345523.59     10.38     82.87      9.90     15.16     83.60     14.69     12.63
   0 658  2010.8487290    458536 338516.50     10.36     83.26      9.94     15.15     84.00     14.74     12.35
   0 659  2010.8758950    458901 341022.69      8.90     86.16     10.06     13.70     87.31     14.86     11.93
   0 660  2010.9030620    459743 341207.00     11.04     86.86     10.31     15.84     88.09     15.11     11.54
   0 661  2010.9302280    464192 344983.31      8.70     87.89     10.72     13.53     89.15     15.53     11.34
   0 662  2010.9573940    459393 341548.41     11.73     89.54     11.29     16.54     90.88     16.10     11.35
   0 663  2010.9845600    458324 340685.91     12.74     90.88     11.93     17.53     92.39     16.75     11.47
   0 664  2011.0117260    462648 342510.91     12.45     90.39     12.55     17.31     91.65     17.38     11.57
   0 665  2011.0388920    460581 341278.81     11.95     92.52     13.06     16.76     93.65     17.89     11.56
   0 666  2011.0660590    459965 340287.00     15.68     92.75     13.30     20.54     94.09     18.14     11.49
   0 667  2011.0932250    462458 341583.81     14.68     92.79     13.12     19.54     93.86     17.98     11.36
   0 668  2011.1203910    463516 341958.00     12.95     92.88     12.48     17.78     93.74     17.35     11.17
   0 669  2011.1475570    467909 344094.19     12.75     89.99     11.48     17.65     91.02     16.36     10.91
   0 670  2011.1747230    471418 346241.41      8.63     90.85     10.35     13.53     91.49     15.25     10.58
   0 671  2011.2018890    475174 347439.50      8.75     90.95      9.32     13.67     91.34     14.24     10.24
   0 672  2011.2290550    474991 345499.19      7.62     89.70      8.48     12.59     89.86     13.41     10.01
   0 673  2011.2562220    477691 346643.41      9.18     92.02      7.77     14.09     92.15     12.71      9.99
   0 674  2011.2833880    481606 348244.81      6.53     92.20      7.11     11.50     92.20     12.06     10.17
   0 675  2011.3105540    481574 347378.19      6.19     94.30      6.48     11.15     94.34     11.42     10.57
   0 676  2011.3377200    481744 346823.41      6.10     93.24      5.88     11.07     92.95     10.83     11.18
   0 677  2011.3648860    482071 348094.50      4.95     92.00      5.34      9.89     91.63     10.30     12.01
   0 678  2011.3920520    476121 343684.19      4.48     91.88      4.85      9.33     91.49      9.82     12.96
   0 679  2011.4192180    479307 345652.81      4.86     92.16      4.37      9.87     91.87      9.35     13.88
   0 680  2011.4463850    478761 345257.59      4.21     93.03      3.84      9.27     92.80      8.84     14.61
   0 681  2011.4735510    480075 346498.41      4.33     92.92      3.31      9.35     92.46      8.33     15.02
   0 682  2011.5007170    478205 344821.81     -0.29     93.86      2.87      4.75     93.13      7.91     15.14
   0 683  2011.5278830    476367 343001.50      3.09     93.23      2.60      8.15     92.67      7.65     15.17
   0 684  2011.5550490    477653 344262.50      3.56     93.29      2.48      8.60     92.82      7.54     15.35
   0 685  2011.5822150    478871 345485.69      2.32     92.85      2.53      7.39     92.40      7.60     15.78
   0 686  2011.6093820    479826 346015.91     -0.27     90.01      2.78      4.81     89.59      7.86     16.29
   0 687  2011.6365480    479939 345509.19      4.22     88.28      3.27      9.31     87.99      8.35     16.67
   0 688  2011.6637140    481483 347363.50      4.76     86.06      3.94      9.85     85.92      9.03     16.76
   0 689  2011.6908800    480212 346448.81      2.97     85.82      4.70      8.07     85.81      9.78     16.67
   0 690  2011.7180460    475744 345805.09      5.82     83.86      5.42     10.89     84.07     10.50     16.63
   0 691  2011.7452120    478663 348218.09      8.61     83.93      6.02     13.66     84.38     11.10     16.73
   0 692  2011.7723780    470762 344351.31      5.87     83.15      6.55     10.97     83.52     11.62     16.83
   0 693  2011.7995450    473616 346643.19      5.72     81.63      7.20     10.77     82.03     12.27     16.75
   0 694  2011.8267110    472450 347281.00      6.08     82.50      8.20     11.15     83.34     13.28     16.53
   0 695  2011.8538770    465730 343337.91      8.61     84.08      9.62     13.69     84.97     14.70     16.42
   0 696  2011.8810430    459917 339730.09     12.57     84.91     11.25     17.64     85.94     16.33     16.62
   0 697  2011.9082090    458528 338806.91     13.73     87.28     12.79     18.81     88.55     17.87     17.16
   0 698  2011.9353750    461230 340804.41     15.82     88.41     14.02     20.92     89.84     19.10     17.90
   0 699  2011.9625420    463982 342914.81     15.06     90.42     14.98     20.14     91.86     20.06     18.72
   0 700  2011.9897080    464295 344012.50     13.80     89.26     15.81     18.88     90.63     20.90     19.56
   0 701  2012.0168280    460432 341363.50     16.52     89.87     16.55     21.64     91.17     21.65     20.34
   0 702  2012.0439200    418017 308500.81     19.10     90.38     17.05     24.15     91.91     22.15     20.96
   0 703  2012.0710120    464839 341480.59     20.83     91.82     17.09     25.96     93.52     22.20     21.33
   0 704  2012.0981040    465495 342626.59     16.16     91.09     16.71     21.23     92.48     21.83     21.41
   0 705  2012.1251950    470639 344101.91     13.74     90.37     16.18     18.90     91.61     21.32     21.26
   0 706  2012.1522870    474877 346381.50     14.59     87.34     15.77     19.77     88.36     20.93     21.02
   0 707  2012.1793790    476863 346574.09     17.44     88.11     15.55     22.64     89.16     20.73     20.83
   0 708  2012.2064710    476227 345307.69     14.98     86.14     15.45     20.15     87.30     20.64     20.81
   0 709  2012.2335630    480483 347011.81     15.12     86.26     15.42     20.34     87.14     20.62     20.97
   0 710  2012.2606550    481487 348340.50     14.29     87.68     15.44     19.49     88.30     20.65     21.24
   0 711  2012.2877470    480707 347142.50     16.81     84.36     15.49     22.03     84.97     20.70     21.58
   0 712  2012.3148390    482556 347650.59     15.05     83.88     15.49     20.26     84.31     20.71     21.93
   0 713  2012.3419310    482041 347813.50     16.70     86.00     15.36     21.94     86.23     20.59     22.31
   0 714  2012.3690230    478068 345272.59     14.40     86.22     15.06     19.61     86.53     20.29     22.76
   0 715  2012.3961150    478554 344419.59     15.73     88.02     14.64     20.99     88.11     19.87     23.33
   0 716  2012.4232070    478860 345203.00     14.10     88.06     14.18     19.37     88.03     19.42     24.02
   0 717  2012.4502990    478946 347099.91     12.13     89.58     13.82     17.34     89.54     19.06     24.80
   0 718  2012.4773910    476584 344903.31     13.25     90.93     13.62     18.46     90.82     18.87     25.58
   0 719  2012.5044820    474451 342548.19     14.44     89.42     13.56     19.71     89.37     18.83     26.34
   0 720  2012.5315740    473592 341526.59     13.10     90.11     13.56     18.40     90.09     18.85     26.98
   0 721  2012.5586660    475051 343033.09     13.61     89.24     13.58     18.93     89.28     18.89     27.33
   0 722  2012.5857580    476841 344270.59     13.80     89.73     13.59     19.15     89.85     18.91     27.32
   0 723  2012.6128500    475528 343385.41     13.52     89.64     13.60     18.84     89.83     18.93     27.06
   0 724  2012.6399420    478620 344830.69     14.05     88.01     13.72     19.39     88.55     19.05     26.83
   0 725  2012.6670340    385039 277624.91     12.00     85.14     14.02     17.34     85.63     19.36     26.85
   0 726  2012.6941260    478130 346328.31     13.52     85.56     14.58     18.87     86.11     19.91     27.16
   0 727  2012.7212180    478272 346234.59     17.42     85.68     15.37     22.76     86.41     20.71     27.57
   0 728  2012.7483100    477592 347357.91     15.00     84.80     16.37     20.31     85.80     21.70     27.89
   0 729  2012.7754020    476338 347311.81     15.53     84.64     17.56     20.89     85.68     22.89     28.01
   0 730  2012.8024940    467122 343110.09     19.53     85.46     18.85     24.85     86.83     24.18     27.99
   0 731  2012.8295860    469483 345240.81     22.18     86.45     20.05     27.52     87.97     25.38     27.95
   0 732  2012.8566770    463745 341721.31     21.50     87.59     21.06     26.78     89.24     26.38     28.04
   0 733  2012.8837690    463028 341944.31     22.34     88.56     21.92     27.69     90.48     27.24     28.28
   0 734  2012.9108610    463417 343080.81     19.66     89.09     22.84     24.98     91.07     28.18     28.63
   0 735  2012.9379530    461938 342101.00     24.87     90.24     23.99     30.22     92.36     29.33     29.00
   0 736  2012.9650450    461907 342748.31     24.13     88.59     25.31     29.46     90.66     30.66     29.29
   0 737  2012.9921370    459753 341161.00     28.37     89.61     26.57     33.74     91.75     31.93     29.51
   0 738  2013.0192820    459839 339622.41     28.60     91.60     27.52     33.99     93.83     32.87     29.66
   0 739  2013.0464480    463565 341317.31     29.93     89.90     28.00     35.27     92.16     33.36     29.77
   0 740  2013.0736140    463127 340602.41     28.07     88.91     28.05     33.40     91.04     33.43     29.82
   0 741  2013.1007800    467626 344229.00     27.34     88.36     27.83     32.74     90.54     33.22     29.83
   0 742  2013.1279460    468673 344378.81     27.96     87.26     27.48     33.35     89.22     32.89     29.81
   0 743  2013.1551130    472957 345007.31     27.06     86.27     27.09     32.48     88.07     32.52     29.78
   0 744  2013.1822790    478004 346929.41     25.77     84.91     26.68     31.24     86.62     32.12     29.71
   0 745  2013.2094450    479243 346394.69     28.34     84.91     26.19     33.84     86.48     31.66     29.51
   0 746  2013.2366110    478341 344931.31     24.41     85.52     25.64     29.86     86.77     31.11     29.18
   0 747  2013.2637770    480556 346652.91     25.67     85.78     25.04     31.16     86.95     30.53     28.79
   0 748  2013.2909430    484195 348886.50     23.94     84.82     24.47     29.44     85.74     29.96     28.41
   0 749  2013.3181090    480765 346942.69     23.05     86.71     23.96     28.56     87.50     29.47     28.07
   0 750  2013.3452760    475029 342997.69     24.70     86.32     23.52     30.20     87.18     29.04     27.68
   0 751  2013.3724420    468987 337393.41     22.95     85.21     23.16     28.49     86.10     28.68     27.23
   0 752  2013.3996080    478753 345100.69     21.38     85.99     22.86     26.91     86.35     28.40     26.78
   0 753  2013.4267740    480658 347112.81     22.99     88.55     22.62     28.53     88.86     28.17     26.46
   0 754  2013.4539400    476845 345216.91     23.56     89.62     22.35     29.10     90.03     27.92     26.31
   0 755  2013.4811060    477810 343770.31     21.78     90.06     21.96     27.39     90.49     27.55     26.32
   0 756  2013.5082720    127800  91065.60     21.80     87.83     21.41     27.32     88.39     27.02     26.44
   0 757  2013.5354390    319572 230766.20     21.96     90.70     20.76     27.71     91.03     26.37     26.54
   0 758  2013.5626050    479245 344691.59     17.64     88.35     20.07     23.26     88.56     25.69     26.49
   0 759  2013.5897710    477818 343964.00     20.09     91.06     19.37     25.71     91.51     25.00     26.22
   0 760  2013.6169370    479207 345796.19     20.22     92.21     18.64     25.79     92.84     24.26     25.82
   0 761  2013.6441030    479795 346341.41     17.68     90.72     17.86     23.33     91.17     23.49     25.54
   0 762  2013.6712690    477877 344535.09     15.85     89.57     17.17     21.53     89.87     22.79     25.51
   0 763  2013.6984360    476725 345121.41     15.83     88.11     16.71     21.46     88.49     22.34     25.73
   0 764  2013.7256020    475192 346216.19     15.42     86.16     16.61     21.02     86.84     22.23     26.11
   0 765  2013.7527680    472195 345531.81     17.53     84.56     16.87     23.12     85.49     22.49     26.56
   0 766  2013.7799340    469443 344111.09     15.66     84.81     17.46     21.29     86.03     23.07     27.06
   0 767  2013.8071000    466805 343903.00     17.45     84.38     18.24     23.05     85.72     23.85     27.52
   0 768  2013.8342660    461351 341483.19     20.83     86.11     19.06     26.44     87.58     24.68     27.86
   0 769  2013.8614320    462272 341944.00     21.74     85.31     19.81     27.37     87.10     25.44     27.98
   0 770  2013.8885990    460459 342003.09     17.81     86.09     20.56     23.45     87.82     26.18     27.91
   0 771  2013.9157650    460966 342653.50     20.71     86.13     21.44     26.36     88.11     27.06     27.73
   0 772  2013.9429310    326536 242340.50     22.31     85.85     22.53     27.83     87.99     28.16     27.62
   0 773  2013.9700970    232596 173703.41     24.26     87.78     23.75     29.97     89.87     29.38     27.72
   0 774  2013.9972630    457947 340905.59     25.46     89.99     24.94     31.10     91.96     30.58     28.02
   0 775  2014.0244290    458345 340103.00     26.45     91.65     25.98     32.10     93.77     31.62     28.43
   0 776  2014.0515960    462750 342595.81     26.50     90.78     26.80     32.14     93.05     32.44     28.91
   0 777  2014.0787620    462180 342314.50     28.78     89.77     27.30     34.39     92.01     32.95     29.46
   0 778  2014.1059280    463747 343079.41     28.86     90.74     27.41     34.50     93.16     33.07     30.07
   0 779  2014.1330940    465668 344064.50     27.40     88.02     27.06     33.07     90.17     32.74     30.63
   0 780  2014.1602600    469982 344783.09     27.36     87.47     26.32     33.07     89.53     32.02     30.98
   0 781  2014.1874260    473676 346124.81     26.59     87.55     25.36     32.34     89.49     31.07     31.07
   0 782  2014.2145920    476189 345608.09     21.36     85.76     24.41     27.07     87.48     30.13     30.89
   0 783  2014.2417590    476406 345772.59     23.09     86.97     23.67     28.80     88.48     29.39     30.48
   0 784  2014.2689250    478664 346049.09     24.15     86.05     23.17     29.83     87.31     28.90     29.89
   0 785  2014.2960910    483061 347949.00     22.15     85.52     22.88     27.90     86.62     28.61     29.24
   0 786  2014.3232570    482798 347432.19     22.75     85.88     22.77     28.54     86.94     28.51     28.68
   0 787  2014.3504230    479559 346177.91     21.48     87.41     22.85     27.20     88.29     28.60     28.39
   0 788  2014.3775890    482233 347602.19     22.35     87.68     23.11     28.12     88.48     28.87     28.42
   0 789  2014.4047560    482671 347829.81     24.91     88.30     23.41     30.68     89.04     29.17     28.74
   0 790  2014.4319220    431256 312002.00     24.51     90.21     23.57     30.23     90.91     29.33     29.32
   0 791  2014.4590880    477867 344951.41     23.59     89.24     23.48     29.36     89.87     29.25     30.10
   0 792  2014.4862540    479499 345525.81     23.17     89.66     23.10     28.98     90.29     28.90     30.93
   0 793  2014.5134200    478865 345488.50     23.77     88.79     22.45     29.54     89.57     28.27     31.67
   0 794  2014.5405860    479944 345925.50     22.11     87.09     21.58     27.97     87.75     27.42     32.20
   0 795  2014.5677520    476251 342600.59     20.52     86.60     20.59     26.38     87.33     26.45     32.49
   0 796  2014.5949190    420393 301483.50     18.32     87.45     19.68     24.26     88.47     25.55     32.61
   0 797  2014.6220850    478769 345405.41     18.46     86.60     19.02     24.31     87.60     24.91     32.55
   0 798  2014.6492510    479187 344317.41     17.51     87.22     18.72     23.42     88.04     24.62     32.35
   0 799  2014.6764170    478023 344874.91     18.85     86.06     18.82     24.77     87.01     24.71     32.07
   0 800  2014.7035830    477754 345367.41     18.06     85.82     19.31     23.94     86.75     25.20     31.91
   0 801  2014.7307490    470895 342392.50     18.96     83.64     20.16     24.86     85.08     26.05     31.97
   0 802  2014.7579150    468899 343552.41     20.97     83.72     21.29     26.87     85.46     27.17     32.21
   0 803  2014.7850820    468868 344716.69     23.58     83.48     22.54     29.46     85.45     28.41     32.42
   0 804  2014.8122480    465127 343136.50     24.65     84.05     23.79     30.50     85.92     29.66     32.38
   0 805  2014.8394140    459180 340510.09     22.99     85.54     25.00     28.86     87.57     30.87     32.19
   0 806  2014.8665800    456455 340361.00     27.20     87.02     26.18     33.01     89.37     32.04     32.13
   0 807  2014.8937460    458427 340973.81     27.89     87.79     27.26     33.77     90.41     33.13     32.49
   0 808  2014.9209120    456821 338849.31     28.70     88.90     28.21     34.60     91.63     34.09     33.25
   0 809  2014.9480790    455203 338018.09     28.94     90.28     29.04     34.82     93.11     34.92     34.05
   0 810  2014.9752450    455496 338487.69     30.31     92.75     29.84     36.21     95.59     35.73     34.63
   0 811  2015.0024110    457462 340403.69     28.58     91.69     30.67     34.48     94.47     36.57     35.01
   0 812  2015.0295770    459238 340094.19     31.46     91.60     31.44     37.35     94.33     37.35     35.47
   0 813  2015.0567430    461799 340725.09     35.62     93.58     31.91     41.51     96.44     37.83     36.18
   0 814  2015.0839090    461771 340329.59     33.98     92.17     31.86     39.94     95.04     37.79     37.07
   0 815  2015.1110750    465705 342572.50     30.52     92.72     31.37     36.48     95.35     37.33     37.91
   0 816  2015.1382420    468775 343399.59     30.52     93.12     30.81     36.46     95.68     36.78     38.46
   0 817  2015.1654080    474992 345894.50     27.14     90.87     30.48     33.15     93.27     36.47     38.69
   0 818  2015.1925740    479333 347903.50     28.74     88.91     30.43     34.76     91.51     36.44     38.72
   0 819  2015.2197400    430588 312254.31     36.08     91.73     30.39     42.03     94.08     36.40     38.72
   0 820  2015.2469060    400953 289318.09     31.34     90.27     30.11     37.46     92.35     36.14     38.78
   0 821  2015.2740720    480615 347164.59     26.10     88.92     29.71     32.17     90.57     35.75     38.85
   0 822  2015.3012390    480256 347272.41     28.64     90.52     29.49     34.61     92.21     35.53     38.83
   0 823  2015.3284050    477225 344212.19     28.65     88.82     29.65     34.68     90.45     35.68     38.76
   0 824  2015.3555710    483777 348814.09     30.55     91.44     30.11     36.60     93.14     36.14     38.82
   0 825  2015.3827370    483733 348357.81     30.25     92.57     30.62     36.29     93.99     36.65     39.20
   0 826  2015.4099030    479571 346446.41     33.58     93.36     30.94     39.57     95.10     36.96     39.97
   0 827  2015.4370690    475346 342967.41     31.58     91.41     30.97     37.58     93.02     37.01     40.97
   0 828  2015.4642350    478192 345042.69     29.65     93.31     30.82     35.66     94.79     36.87     41.99
   0 829  2015.4914020    471586 339218.91     29.92     94.59     30.61     36.05     96.05     36.69     42.82
   0 830  2015.5185680    480463 345936.00     31.18     94.76     30.43     37.28     96.23     36.53     43.43
   0 831  2015.5457340    480858 345897.81     30.19     95.04     30.20     36.32     96.36     36.32     43.82
   0 832  2015.5729000    478175 343954.41     30.78     95.22     29.84     36.87     96.68     35.98     44.08
   0 833  2015.6000660    473249 340505.91     30.35     93.70     29.41     36.55     95.24     35.56     44.33
   0 834  2015.6272320    479450 344907.41     27.41     93.85     29.11     33.62     95.48     35.27     44.64
   0 835  2015.6543990    478025 345402.41     26.19     94.21     29.19     32.33     95.83     35.35     44.99
   0 836  2015.6815650    475422 343087.91     29.73     95.36     29.75     35.88     97.00     35.91     45.31
   0 837  2015.7087310    477649 345750.31     30.58     95.99     30.70     36.74     97.54     36.85     45.55
   0 838  2015.7358970    469790 342549.09     32.13     95.48     31.83     38.25     97.49     37.98     45.79
   0 839  2015.7630630    469412 344110.59     33.52     96.92     32.99     39.67     99.28     39.14     46.03
   0 840  2015.7902290    468089 343287.91     33.25     97.78     34.13     39.43    100.30     40.29     46.20
   0 841  2015.8173950    461755 340593.59     35.78     97.56     35.27     41.94    100.25     41.44     46.18
   0 842  2015.8445620    462545 341309.09     36.43    101.76     36.47     42.61    104.49     42.65     45.99
   0 843  2015.8717280    463893 342477.31     37.58    103.78     37.80     43.79    106.85     43.98     45.70
   0 844  2015.8988940    460938 341879.31     36.53    103.94     39.26     42.70    106.89     45.44     45.38
   0 845  2015.9260600    454170 337625.91     43.20    106.19     40.76     49.40    109.50     46.95     45.00
   0 846  2015.9532260    459534 340534.81     43.35    109.83     42.16     49.53    113.10     48.35     44.63
   0 847  2015.9803920    463665 343614.19     42.93    107.54     43.35     49.12    110.75     49.54     44.50
   0 848  2016.0075380    460182 341147.09     44.27    109.91     44.32     50.47    113.13     50.52     44.75
   0 849  2016.0346300    458036 340294.00     45.57    113.82     45.05     51.75    117.12     51.25     45.33
   0 850  2016.0617220    461886 340445.19     46.47    114.25     45.42     52.68    117.46     51.63     46.01
   0 851  2016.0888140    456934 336239.91     48.42    115.32     45.34     54.61    118.57     51.56     46.56
   0 852  2016.1159060    466593 341585.69     44.61    113.94     44.82     50.87    116.93     51.05     46.91
   0 853  2016.1429970    462852 337866.19     41.85    112.08     43.99     48.06    115.02     50.23     47.11
   0 854  2016.1700890    474976 345560.91     45.30    112.71     42.96     51.58    115.54     49.21     47.20
   0 855  2016.1971810    476638 345191.81     42.90    111.07     41.76     49.15    113.87     48.03     47.15
   0 856  2016.2242730    477871 344319.50     39.71    108.00     40.55     46.00    110.36     46.82     46.86
   0 857  2016.2513650    480681 346961.31     38.14    107.22     39.58     44.41    109.52     45.86     46.28
   0 858  2016.2784570    478886 344882.50     35.56    104.74     39.06     41.83    106.80     45.35     45.47
   0 859  2016.3055490    476925 342558.50     39.40    106.99     38.98     45.74    109.05     45.28     44.63
   0 860  2016.3326410    480386 345438.50     41.90    106.35     39.12     48.24    108.39     45.42     44.05
   0 861  2016.3597330    476861 344438.09     37.47    103.46     39.24     43.71    105.48     45.56     43.92
   0 862  2016.3868250    481425 347132.69     40.01    101.54     39.28     46.33    103.56     45.60     44.27
   0 863  2016.4139170    479171 345120.19     39.23    101.66     39.24     45.58    103.75     45.58     44.90
   0 864  2016.4410090    477248 343429.69     39.39    102.80     39.13     45.79    104.73     45.49     45.49
   0 865  2016.4681010    477533 344235.69     37.82    102.98     38.90     44.18    104.52     45.27     45.72
   0 866  2016.4951930    455818 329633.19     41.53    103.03     38.42     47.88    104.65     44.79     45.46
   0 867  2016.5222840    477397 344744.69     37.81    102.11     37.59     44.16    103.60     43.98     44.76
   0 868  2016.5493760    477114 343418.41     37.16    101.07     36.48     43.59    102.73     42.89     43.82
   0 869  2016.5764680    478169 344045.00     34.32     98.47     35.30     40.78    100.28     41.73     42.91
   0 870  2016.6035600    474459 341277.69     33.45     98.17     34.34     39.92     99.98     40.79     42.32
   0 871  2016.6306520    478722 345112.19     31.97     97.46     33.86     38.44     99.25     40.32     42.16
   0 872  2016.6577440    478612 345389.19     31.72     97.47     33.91     38.20     99.36     40.38     42.28
   0 873  2016.6848360    476509 344062.50     35.32     98.80     34.35     41.73    100.50     40.82     42.38
   0 874  2016.7119280    469658 340378.91     35.33     97.60     34.90     41.83     99.57     41.37     42.32
   0 875  2016.7390200    473193 343906.91     36.79     97.27     35.27     43.31     99.59     41.75     42.21
   0 876  2016.7661120    474528 344815.59     35.73     96.77     35.37     42.18     99.16     41.84     42.36
   0 877  2016.7932040    470473 343472.81     35.12     94.34     35.25     41.59     96.90     41.72     42.94
   0 878  2016.8202960    466985 342067.81     35.46     93.28     35.09     41.92     96.22     41.56     43.85
   0 879  2016.8473880    468475 342720.19     33.80     93.53     35.15     40.27     96.33     41.61     44.82
   0 880  2016.8744800    467588 343101.91     33.79     93.55     35.64     40.27     96.44     42.11     45.54
   0 881  2016.9015710    462088 340464.59     34.00     94.48     36.64     40.45     97.32     43.11     45.80
   0 882  2016.9286630    457989 338910.41     39.34     95.93     37.91     45.82     99.32     44.38     45.58
   0 883  2016.9557550    464620 342393.59     41.43     95.96     39.08     47.90     99.40     45.55     45.05
   0 884  2016.9828470    464740 342121.69     41.84     95.05     39.93     48.31     98.62     46.41     44.41
   0 885  2017.0099660    466099 342596.31     39.32     95.13     40.53     45.78     98.67     47.01     43.80
   0 886  2017.0371330    465051 341673.59     38.70     96.30     41.13     45.19     99.69     47.62     43.25
   0 887  2017.0642990    469591 343936.19     42.33     97.09     41.88     48.80    100.58     48.38     42.78
   0 888  2017.0914650    467317 340722.31     43.62     95.91     42.69     50.16     99.60     49.21     42.51
   0 889  2017.1186310    469138 342933.50     43.68     96.83     43.31     50.19    100.23     49.84     42.53
   0 890  2017.1457970    472052 343185.31     44.86     95.63     43.46     51.43     98.80     50.01     42.85
   0 891  2017.1729630    478495 346453.91     46.29     95.08     43.00     52.90     98.17     49.56     43.41
   0 892  2017.2001290    412712 297914.19     42.17     91.38     41.98     48.75     94.21     48.53     44.07
   0 893  2017.2272960    480846 346842.09     39.61     90.04     40.60     46.09     92.86     47.16     44.67
   0 894  2017.2544620    480430 347839.59     39.14     89.49     39.14     45.67     92.07     45.70     45.07
   0 895  2017.2816280    485347 349233.19     36.94     87.24     37.77     43.54     89.60     44.34     45.16
   0 896  2017.3087940    482567 347264.31     37.17     88.36     36.55     43.79     90.40     43.14     45.00
   0 897  2017.3359600    479200 344826.31     34.80     87.91     35.56     41.36     89.71     42.15     44.70
   0 898  2017.3631260    479859 345492.69     33.46     87.36     34.87     40.08     88.98     41.48     44.47
   0 899  2017.3902930    478434 344268.50     33.39     90.07     34.57     40.01     91.75     41.20     44.45
   0 900  2017.4174590    479643 344784.50     34.51     88.39     34.66     41.16     90.14     41.30     44.65
   0 901  2017.4446250    483270 347856.00     34.47     90.15     35.04     41.14     91.61     41.68     44.97
   0 902  2017.4717910    476093 343366.59     35.41     92.77     35.53     42.05     94.19     42.17     45.30
   0 903  2017.4989570    476915 343784.59     36.92     94.69     35.93     43.54     96.08     42.58     45.61
   0 904  2017.5261230    475783 343274.31     37.43     94.12     36.07     44.05     95.79     42.74     45.97
   0 905  2017.5532890    478451 344591.19     36.33     92.26     35.86     43.04     94.05     42.55     46.37
   0 906  2017.5804560    475213 341897.00     36.19     92.45     35.35     42.91     94.38     42.05     46.77
   0 907  2017.6076220    479329 344718.41     34.24     90.30     34.69     40.95     92.15     41.40     47.12
   0 908  2017.6347880    483975 348429.41     33.97     88.81     34.11     40.72     90.80     40.83     47.38
   0 909  2017.6619540    480876 346277.59     31.00     87.59     33.81     37.73     89.54     40.53     47.55
   0 910  2017.6891200    478509 345081.00     34.07     90.13     33.84     40.75     92.06     40.56     47.57
   0 911  2017.7162860    475488 343148.69     34.58     89.40     34.14     41.33     91.53     40.86     47.45
   0 912  2017.7434530    477892 345091.59     34.40     88.39     34.64     41.12     91.07     41.36     47.34
   0 913  2017.7706190    475148 344423.19     34.61     89.22     35.33     41.34     92.21     42.06     47.43
   0 914  2017.7977850    475941 346022.59     34.90     88.93     36.29     41.65     91.98     43.02     47.85
   0 915  2017.8249510    469873 343282.19     36.68     89.33     37.52     43.40     92.13     44.24     48.53
   0 916  2017.8521170    465825 342386.69     40.44     92.28     38.91     47.13     95.60     45.63     49.27
   0 917  2017.8792830    465504 341490.19     40.01     91.87     40.36     46.75     95.34     47.08     49.89
   0 918  2017.9064490    463046 341827.31     41.14     93.94     41.79     47.85     97.43     48.51     50.24
   0 919  2017.9336160    455695 337208.31     43.46     94.59     43.09     50.16     98.26     49.82     50.22
   0 920  2017.9607820    462698 342827.00     45.78     96.16     44.17     52.52    100.00     50.89     49.85
   0 921  2017.9879480    464464 344287.19     46.71     96.92     44.94     53.44    100.76     51.67     49.32
   0 922  2018.0151140    462422 342371.31     44.28     95.89     45.49     51.02     99.58     52.23     48.89
   0 923  2018.0422800    466066 344496.09     45.10     98.01     45.99     51.85    101.69     52.74     48.72
   0 924  2018.0694460    462025 341946.00     46.45     99.31     46.54     53.22    102.88     53.30     48.72
   0 925  2018.0966130    465248 342554.09     47.48     99.04     47.07     54.25    102.45     53.84     48.70
   0 926  2018.1237790    469213 344595.00     49.40     97.01     47.42     56.12    100.53     54.21     48.58
   0 927  2018.1509450    476076 346501.59     46.92     95.39     47.44     53.72     98.82     54.24     48.35
   0 928  2018.1781110    480311 347545.09     48.52     97.55     47.03     55.37    100.79     53.86     48.06
   0 929  2018.2052770    478472 345450.09     47.42     97.48     46.17     54.30    100.66     53.02     47.69
   0 930  2018.2324430    482576 348484.91     46.57     96.54     44.95     53.45     99.48     51.80     47.29
   0 931  2018.2596090    484683 349239.00     42.12     92.97     43.60     48.99     95.77     50.46     47.03
   0 932  2018.2867760    481895 346910.41     40.36     91.86     42.44     47.22     94.57     49.30     47.06
   0 933  2018.3139420    482066 347919.19     40.66     90.92     41.64     47.49     93.59     48.50     47.40
   0 934  2018.3411080    485989 349743.69     41.07     91.85     41.13     47.98     94.22     48.00     47.89
   0 935  2018.3682740    480385 346683.00     42.60     94.98     40.74     49.44     97.39     47.60     48.35
   0 936  2018.3954400    480363 346531.09     40.38     93.98     40.32     47.22     96.22     47.20     48.63
   0 937  2018.4226060    480445 346481.19     37.59     91.87     39.87     44.48     93.83     46.76     48.79
   0 938  2018.4497720    480826 346458.41     40.42     93.90     39.38     47.31     95.61     46.30     48.81
   0 939  2018.4769390    482400 347638.19     40.66     94.17     38.81     47.62     95.76     45.76     48.65
   0 940  2018.5041050    481709 347064.91     38.30     92.05     38.18     45.32     93.86     45.16     48.27
   0 941  2018.5312710    478761 343539.09     34.95     91.24     37.65     41.97     92.97     44.65     47.67